(kicad_pcb (version 20171130) (host pcbnew "(5.1.12)-1")

  (general
    (thickness 1.6)
    (drawings 13)
    (tracks 192)
    (zones 0)
    (modules 30)
    (nets 70)
  )

  (page A4)
  (layers
    (0 F.Cu signal)
    (31 B.Cu signal)
    (32 B.Adhes user)
    (33 F.Adhes user)
    (34 B.Paste user)
    (35 F.Paste user)
    (36 B.SilkS user)
    (37 F.SilkS user)
    (38 B.Mask user)
    (39 F.Mask user)
    (40 Dwgs.User user)
    (41 Cmts.User user)
    (42 Eco1.User user)
    (43 Eco2.User user)
    (44 Edge.Cuts user)
    (45 Margin user)
    (46 B.CrtYd user)
    (47 F.CrtYd user)
    (48 B.Fab user)
    (49 F.Fab user)
  )

  (setup
    (last_trace_width 0.25)
    (trace_clearance 0.2)
    (zone_clearance 0.508)
    (zone_45_only no)
    (trace_min 0.2)
    (via_size 0.8)
    (via_drill 0.4)
    (via_min_size 0.4)
    (via_min_drill 0.3)
    (uvia_size 0.3)
    (uvia_drill 0.1)
    (uvias_allowed no)
    (uvia_min_size 0.2)
    (uvia_min_drill 0.1)
    (edge_width 0.1)
    (segment_width 0.2)
    (pcb_text_width 0.3)
    (pcb_text_size 1.5 1.5)
    (mod_edge_width 0.15)
    (mod_text_size 1 1)
    (mod_text_width 0.15)
    (pad_size 0.9 2)
    (pad_drill 0)
    (pad_to_mask_clearance 0)
    (aux_axis_origin 0 0)
    (visible_elements 7FFFFFFF)
    (pcbplotparams
      (layerselection 0x010fc_ffffffff)
      (usegerberextensions false)
      (usegerberattributes true)
      (usegerberadvancedattributes true)
      (creategerberjobfile true)
      (excludeedgelayer true)
      (linewidth 0.100000)
      (plotframeref false)
      (viasonmask false)
      (mode 1)
      (useauxorigin false)
      (hpglpennumber 1)
      (hpglpenspeed 20)
      (hpglpendiameter 15.000000)
      (psnegative false)
      (psa4output false)
      (plotreference true)
      (plotvalue true)
      (plotinvisibletext false)
      (padsonsilk false)
      (subtractmaskfromsilk false)
      (outputformat 1)
      (mirror false)
      (drillshape 1)
      (scaleselection 1)
      (outputdirectory ""))
  )

  (net 0 "")
  (net 1 5V)
  (net 2 "Net-(IC1-Pad4)")
  (net 3 "Net-(IC1-Pad5)")
  (net 4 IO34)
  (net 5 IO35)
  (net 6 IO32)
  (net 7 IO33)
  (net 8 PDN)
  (net 9 "Net-(IC1-Pad14)")
  (net 10 CS)
  (net 11 "Net-(IC1-Pad17)")
  (net 12 "Net-(IC1-Pad18)")
  (net 13 "Net-(IC1-Pad19)")
  (net 14 "Net-(IC1-Pad20)")
  (net 15 "Net-(IC1-Pad21)")
  (net 16 "Net-(IC1-Pad22)")
  (net 17 GPIO2)
  (net 18 GPIO3)
  (net 19 DTR)
  (net 20 CTS)
  (net 21 SCK)
  (net 22 MISO)
  (net 23 "Net-(IC1-Pad32)")
  (net 24 GPIO0)
  (net 25 RX)
  (net 26 TX)
  (net 27 GPIO1)
  (net 28 MOSI)
  (net 29 INT)
  (net 30 AUDIO_L)
  (net 31 NC)
  (net 32 PG)
  (net 33 EN)
  (net 34 VOUT)
  (net 35 "Net-(D1-Pad2)")
  (net 36 SDMOSI)
  (net 37 SDCLK)
  (net 38 SDMISO)
  (net 39 "Net-(IC1-Pad13)")
  (net 40 "Net-(IC1-Pad23)")
  (net 41 "Net-(IC1-Pad28)")
  (net 42 "Net-(IC1-Pad29)")
  (net 43 "Net-(J1-PadA4)")
  (net 44 "Net-(J1-PadA5)")
  (net 45 "Net-(J1-PadA6)")
  (net 46 "Net-(J1-PadA7)")
  (net 47 "Net-(J1-PadA8)")
  (net 48 "Net-(J1-PadB5)")
  (net 49 "Net-(J1-PadB6)")
  (net 50 "Net-(J1-PadB7)")
  (net 51 "Net-(J1-PadB8)")
  (net 52 "Net-(J1-PadMH1)")
  (net 53 "Net-(J1-PadMH2)")
  (net 54 "Net-(J1-PadMH3)")
  (net 55 "Net-(J1-PadMH4)")
  (net 56 SHDN)
  (net 57 "Net-(J4-Pad9)")
  (net 58 "Net-(J4-Pad1)")
  (net 59 "Net-(J4-Pad10)")
  (net 60 "Net-(J4-Pad8)")
  (net 61 "Net-(J4-Pad11)")
  (net 62 "Net-(J4-Pad12)")
  (net 63 "Net-(J4-Pad13)")
  (net 64 RTS)
  (net 65 "Net-(Q1-Pad1)")
  (net 66 "Net-(Q2-Pad1)")
  (net 67 "Net-(IC1-Pad36)")
  (net 68 "Net-(D2-Pad2)")
  (net 69 GND)

  (net_class Default "This is the default net class."
    (clearance 0.2)
    (trace_width 0.25)
    (via_dia 0.8)
    (via_drill 0.4)
    (uvia_dia 0.3)
    (uvia_drill 0.1)
    (add_net 5V)
    (add_net AUDIO_L)
    (add_net CS)
    (add_net CTS)
    (add_net DTR)
    (add_net EN)
    (add_net GND)
    (add_net GPIO0)
    (add_net GPIO1)
    (add_net GPIO2)
    (add_net GPIO3)
    (add_net INT)
    (add_net IO32)
    (add_net IO33)
    (add_net IO34)
    (add_net IO35)
    (add_net MISO)
    (add_net MOSI)
    (add_net NC)
    (add_net "Net-(D1-Pad2)")
    (add_net "Net-(D2-Pad2)")
    (add_net "Net-(IC1-Pad13)")
    (add_net "Net-(IC1-Pad14)")
    (add_net "Net-(IC1-Pad17)")
    (add_net "Net-(IC1-Pad18)")
    (add_net "Net-(IC1-Pad19)")
    (add_net "Net-(IC1-Pad20)")
    (add_net "Net-(IC1-Pad21)")
    (add_net "Net-(IC1-Pad22)")
    (add_net "Net-(IC1-Pad23)")
    (add_net "Net-(IC1-Pad28)")
    (add_net "Net-(IC1-Pad29)")
    (add_net "Net-(IC1-Pad32)")
    (add_net "Net-(IC1-Pad36)")
    (add_net "Net-(IC1-Pad4)")
    (add_net "Net-(IC1-Pad5)")
    (add_net "Net-(J1-PadA4)")
    (add_net "Net-(J1-PadA5)")
    (add_net "Net-(J1-PadA6)")
    (add_net "Net-(J1-PadA7)")
    (add_net "Net-(J1-PadA8)")
    (add_net "Net-(J1-PadB5)")
    (add_net "Net-(J1-PadB6)")
    (add_net "Net-(J1-PadB7)")
    (add_net "Net-(J1-PadB8)")
    (add_net "Net-(J1-PadMH1)")
    (add_net "Net-(J1-PadMH2)")
    (add_net "Net-(J1-PadMH3)")
    (add_net "Net-(J1-PadMH4)")
    (add_net "Net-(J4-Pad1)")
    (add_net "Net-(J4-Pad10)")
    (add_net "Net-(J4-Pad11)")
    (add_net "Net-(J4-Pad12)")
    (add_net "Net-(J4-Pad13)")
    (add_net "Net-(J4-Pad8)")
    (add_net "Net-(J4-Pad9)")
    (add_net "Net-(Q1-Pad1)")
    (add_net "Net-(Q2-Pad1)")
    (add_net PDN)
    (add_net PG)
    (add_net RTS)
    (add_net RX)
    (add_net SCK)
    (add_net SDCLK)
    (add_net SDMISO)
    (add_net SDMOSI)
    (add_net SHDN)
    (add_net TX)
    (add_net VOUT)
  )

  (module MountingHole:MountingHole_3.2mm_M3 (layer F.Cu) (tedit 56D1B4CB) (tstamp 621EEB60)
    (at 133.35 71.882)
    (descr "Mounting Hole 3.2mm, no annular, M3")
    (tags "mounting hole 3.2mm no annular m3")
    (attr virtual)
    (fp_text reference REF** (at 0 -4.2) (layer F.SilkS) hide
      (effects (font (size 1 1) (thickness 0.15)))
    )
    (fp_text value MountingHole_3.2mm_M3 (at 0 4.2) (layer F.Fab)
      (effects (font (size 1 1) (thickness 0.15)))
    )
    (fp_circle (center 0 0) (end 3.2 0) (layer Cmts.User) (width 0.15))
    (fp_circle (center 0 0) (end 3.45 0) (layer F.CrtYd) (width 0.05))
    (fp_text user %R (at 0.3 0) (layer F.Fab)
      (effects (font (size 1 1) (thickness 0.15)))
    )
    (pad 1 np_thru_hole circle (at 0 0) (size 3.2 3.2) (drill 3.2) (layers *.Cu *.Mask))
  )

  (module MountingHole:MountingHole_3.2mm_M3 (layer F.Cu) (tedit 56D1B4CB) (tstamp 621EEAF8)
    (at 197.358 61.468)
    (descr "Mounting Hole 3.2mm, no annular, M3")
    (tags "mounting hole 3.2mm no annular m3")
    (attr virtual)
    (fp_text reference REF** (at 0 -4.2) (layer F.SilkS) hide
      (effects (font (size 1 1) (thickness 0.15)))
    )
    (fp_text value MountingHole_3.2mm_M3 (at 0 4.2) (layer F.Fab)
      (effects (font (size 1 1) (thickness 0.15)))
    )
    (fp_circle (center 0 0) (end 3.2 0) (layer Cmts.User) (width 0.15))
    (fp_circle (center 0 0) (end 3.45 0) (layer F.CrtYd) (width 0.05))
    (fp_text user %R (at 0.3 0) (layer F.Fab)
      (effects (font (size 1 1) (thickness 0.15)))
    )
    (pad 1 np_thru_hole circle (at 0 0) (size 3.2 3.2) (drill 3.2) (layers *.Cu *.Mask))
  )

  (module MountingHole:MountingHole_3.2mm_M3 (layer F.Cu) (tedit 56D1B4CB) (tstamp 621EEB1E)
    (at 197.104 110.49)
    (descr "Mounting Hole 3.2mm, no annular, M3")
    (tags "mounting hole 3.2mm no annular m3")
    (attr virtual)
    (fp_text reference REF** (at 0 -4.2) (layer F.SilkS) hide
      (effects (font (size 1 1) (thickness 0.15)))
    )
    (fp_text value MountingHole_3.2mm_M3 (at 0 4.2) (layer F.Fab)
      (effects (font (size 1 1) (thickness 0.15)))
    )
    (fp_circle (center 0 0) (end 3.2 0) (layer Cmts.User) (width 0.15))
    (fp_circle (center 0 0) (end 3.45 0) (layer F.CrtYd) (width 0.05))
    (fp_text user %R (at 0.3 0) (layer F.Fab)
      (effects (font (size 1 1) (thickness 0.15)))
    )
    (pad 1 np_thru_hole circle (at 0 0) (size 3.2 3.2) (drill 3.2) (layers *.Cu *.Mask))
  )

  (module MountingHole:MountingHole_3.2mm_M3 (layer F.Cu) (tedit 56D1B4CB) (tstamp 621EE9BA)
    (at 107.696 110.49)
    (descr "Mounting Hole 3.2mm, no annular, M3")
    (tags "mounting hole 3.2mm no annular m3")
    (attr virtual)
    (fp_text reference REF** (at 0.254 -2.54) (layer F.SilkS) hide
      (effects (font (size 1 1) (thickness 0.15)))
    )
    (fp_text value MountingHole_3.2mm_M3 (at 0 4.2) (layer F.Fab)
      (effects (font (size 1 1) (thickness 0.15)))
    )
    (fp_circle (center 0 0) (end 3.2 0) (layer Cmts.User) (width 0.15))
    (fp_circle (center 0 0) (end 3.45 0) (layer F.CrtYd) (width 0.05))
    (fp_text user %R (at 0.3 0) (layer F.Fab)
      (effects (font (size 1 1) (thickness 0.15)))
    )
    (pad 1 np_thru_hole circle (at 0 0) (size 3.2 3.2) (drill 3.2) (layers *.Cu *.Mask))
  )

  (module Capacitor_SMD:C_0805_2012Metric (layer F.Cu) (tedit 5F68FEEE) (tstamp 621D74FE)
    (at 165.1 88.9)
    (descr "Capacitor SMD 0805 (2012 Metric), square (rectangular) end terminal, IPC_7351 nominal, (Body size source: IPC-SM-782 page 76, https://www.pcb-3d.com/wordpress/wp-content/uploads/ipc-sm-782a_amendment_1_and_2.pdf, https://docs.google.com/spreadsheets/d/1BsfQQcO9C6DZCsRaXUlFlo91Tg2WpOkGARC1WS5S8t0/edit?usp=sharing), generated with kicad-footprint-generator")
    (tags capacitor)
    (path /6220CBE7)
    (attr smd)
    (fp_text reference C1 (at 0 -1.68) (layer F.SilkS)
      (effects (font (size 1 1) (thickness 0.15)))
    )
    (fp_text value 0.1uF (at 0 0) (layer F.Fab)
      (effects (font (size 1 1) (thickness 0.15)))
    )
    (fp_line (start 1.7 0.98) (end -1.7 0.98) (layer F.CrtYd) (width 0.05))
    (fp_line (start 1.7 -0.98) (end 1.7 0.98) (layer F.CrtYd) (width 0.05))
    (fp_line (start -1.7 -0.98) (end 1.7 -0.98) (layer F.CrtYd) (width 0.05))
    (fp_line (start -1.7 0.98) (end -1.7 -0.98) (layer F.CrtYd) (width 0.05))
    (fp_line (start -0.261252 0.735) (end 0.261252 0.735) (layer F.SilkS) (width 0.12))
    (fp_line (start -0.261252 -0.735) (end 0.261252 -0.735) (layer F.SilkS) (width 0.12))
    (fp_line (start 1 0.625) (end -1 0.625) (layer F.Fab) (width 0.1))
    (fp_line (start 1 -0.625) (end 1 0.625) (layer F.Fab) (width 0.1))
    (fp_line (start -1 -0.625) (end 1 -0.625) (layer F.Fab) (width 0.1))
    (fp_line (start -1 0.625) (end -1 -0.625) (layer F.Fab) (width 0.1))
    (fp_text user %R (at 0 0) (layer F.Fab)
      (effects (font (size 0.5 0.5) (thickness 0.08)))
    )
    (pad 1 smd roundrect (at -0.95 0) (size 1 1.45) (layers F.Cu F.Paste F.Mask) (roundrect_rratio 0.25)
      (net 24 GPIO0))
    (pad 2 smd roundrect (at 0.95 0) (size 1 1.45) (layers F.Cu F.Paste F.Mask) (roundrect_rratio 0.25)
      (net 69 GND))
    (model ${KISYS3DMOD}/Capacitor_SMD.3dshapes/C_0805_2012Metric.wrl
      (at (xyz 0 0 0))
      (scale (xyz 1 1 1))
      (rotate (xyz 0 0 0))
    )
  )

  (module Capacitor_SMD:C_0805_2012Metric (layer F.Cu) (tedit 5F68FEEE) (tstamp 621D750F)
    (at 144.78 88.9 180)
    (descr "Capacitor SMD 0805 (2012 Metric), square (rectangular) end terminal, IPC_7351 nominal, (Body size source: IPC-SM-782 page 76, https://www.pcb-3d.com/wordpress/wp-content/uploads/ipc-sm-782a_amendment_1_and_2.pdf, https://docs.google.com/spreadsheets/d/1BsfQQcO9C6DZCsRaXUlFlo91Tg2WpOkGARC1WS5S8t0/edit?usp=sharing), generated with kicad-footprint-generator")
    (tags capacitor)
    (path /6221566F)
    (attr smd)
    (fp_text reference C2 (at 0 -1.68) (layer F.SilkS)
      (effects (font (size 1 1) (thickness 0.15)))
    )
    (fp_text value 0.1uF (at 0 0) (layer F.Fab)
      (effects (font (size 1 1) (thickness 0.15)))
    )
    (fp_line (start -1 0.625) (end -1 -0.625) (layer F.Fab) (width 0.1))
    (fp_line (start -1 -0.625) (end 1 -0.625) (layer F.Fab) (width 0.1))
    (fp_line (start 1 -0.625) (end 1 0.625) (layer F.Fab) (width 0.1))
    (fp_line (start 1 0.625) (end -1 0.625) (layer F.Fab) (width 0.1))
    (fp_line (start -0.261252 -0.735) (end 0.261252 -0.735) (layer F.SilkS) (width 0.12))
    (fp_line (start -0.261252 0.735) (end 0.261252 0.735) (layer F.SilkS) (width 0.12))
    (fp_line (start -1.7 0.98) (end -1.7 -0.98) (layer F.CrtYd) (width 0.05))
    (fp_line (start -1.7 -0.98) (end 1.7 -0.98) (layer F.CrtYd) (width 0.05))
    (fp_line (start 1.7 -0.98) (end 1.7 0.98) (layer F.CrtYd) (width 0.05))
    (fp_line (start 1.7 0.98) (end -1.7 0.98) (layer F.CrtYd) (width 0.05))
    (fp_text user %R (at 0 0) (layer F.Fab)
      (effects (font (size 0.5 0.5) (thickness 0.08)))
    )
    (pad 2 smd roundrect (at 0.95 0 180) (size 1 1.45) (layers F.Cu F.Paste F.Mask) (roundrect_rratio 0.25)
      (net 69 GND))
    (pad 1 smd roundrect (at -0.95 0 180) (size 1 1.45) (layers F.Cu F.Paste F.Mask) (roundrect_rratio 0.25)
      (net 33 EN))
    (model ${KISYS3DMOD}/Capacitor_SMD.3dshapes/C_0805_2012Metric.wrl
      (at (xyz 0 0 0))
      (scale (xyz 1 1 1))
      (rotate (xyz 0 0 0))
    )
  )

  (module Capacitor_SMD:C_0805_2012Metric (layer F.Cu) (tedit 5F68FEEE) (tstamp 621D9469)
    (at 139.7 62.23 180)
    (descr "Capacitor SMD 0805 (2012 Metric), square (rectangular) end terminal, IPC_7351 nominal, (Body size source: IPC-SM-782 page 76, https://www.pcb-3d.com/wordpress/wp-content/uploads/ipc-sm-782a_amendment_1_and_2.pdf, https://docs.google.com/spreadsheets/d/1BsfQQcO9C6DZCsRaXUlFlo91Tg2WpOkGARC1WS5S8t0/edit?usp=sharing), generated with kicad-footprint-generator")
    (tags capacitor)
    (path /62232319)
    (attr smd)
    (fp_text reference C3 (at 0 -1.68) (layer F.SilkS)
      (effects (font (size 1 1) (thickness 0.15)))
    )
    (fp_text value 100nF (at 0 0) (layer F.Fab)
      (effects (font (size 1 1) (thickness 0.15)))
    )
    (fp_line (start -1 0.625) (end -1 -0.625) (layer F.Fab) (width 0.1))
    (fp_line (start -1 -0.625) (end 1 -0.625) (layer F.Fab) (width 0.1))
    (fp_line (start 1 -0.625) (end 1 0.625) (layer F.Fab) (width 0.1))
    (fp_line (start 1 0.625) (end -1 0.625) (layer F.Fab) (width 0.1))
    (fp_line (start -0.261252 -0.735) (end 0.261252 -0.735) (layer F.SilkS) (width 0.12))
    (fp_line (start -0.261252 0.735) (end 0.261252 0.735) (layer F.SilkS) (width 0.12))
    (fp_line (start -1.7 0.98) (end -1.7 -0.98) (layer F.CrtYd) (width 0.05))
    (fp_line (start -1.7 -0.98) (end 1.7 -0.98) (layer F.CrtYd) (width 0.05))
    (fp_line (start 1.7 -0.98) (end 1.7 0.98) (layer F.CrtYd) (width 0.05))
    (fp_line (start 1.7 0.98) (end -1.7 0.98) (layer F.CrtYd) (width 0.05))
    (pad 2 smd roundrect (at 0.95 0 180) (size 1 1.45) (layers F.Cu F.Paste F.Mask) (roundrect_rratio 0.25)
      (net 69 GND))
    (pad 1 smd roundrect (at -0.95 0 180) (size 1 1.45) (layers F.Cu F.Paste F.Mask) (roundrect_rratio 0.25)
      (net 33 EN))
    (model ${KISYS3DMOD}/Capacitor_SMD.3dshapes/C_0805_2012Metric.wrl
      (at (xyz 0 0 0))
      (scale (xyz 1 1 1))
      (rotate (xyz 0 0 0))
    )
  )

  (module Capacitor_SMD:C_0805_2012Metric (layer B.Cu) (tedit 5F68FEEE) (tstamp 621D7531)
    (at 150.368 58.42)
    (descr "Capacitor SMD 0805 (2012 Metric), square (rectangular) end terminal, IPC_7351 nominal, (Body size source: IPC-SM-782 page 76, https://www.pcb-3d.com/wordpress/wp-content/uploads/ipc-sm-782a_amendment_1_and_2.pdf, https://docs.google.com/spreadsheets/d/1BsfQQcO9C6DZCsRaXUlFlo91Tg2WpOkGARC1WS5S8t0/edit?usp=sharing), generated with kicad-footprint-generator")
    (tags capacitor)
    (path /622232AB)
    (attr smd)
    (fp_text reference C4 (at -2.794 0) (layer B.SilkS)
      (effects (font (size 1 1) (thickness 0.15)) (justify mirror))
    )
    (fp_text value 22uF (at 0 -1.68) (layer B.Fab)
      (effects (font (size 1 1) (thickness 0.15)) (justify mirror))
    )
    (fp_line (start 1.7 -0.98) (end -1.7 -0.98) (layer B.CrtYd) (width 0.05))
    (fp_line (start 1.7 0.98) (end 1.7 -0.98) (layer B.CrtYd) (width 0.05))
    (fp_line (start -1.7 0.98) (end 1.7 0.98) (layer B.CrtYd) (width 0.05))
    (fp_line (start -1.7 -0.98) (end -1.7 0.98) (layer B.CrtYd) (width 0.05))
    (fp_line (start -0.261252 -0.735) (end 0.261252 -0.735) (layer B.SilkS) (width 0.12))
    (fp_line (start -0.261252 0.735) (end 0.261252 0.735) (layer B.SilkS) (width 0.12))
    (fp_line (start 1 -0.625) (end -1 -0.625) (layer B.Fab) (width 0.1))
    (fp_line (start 1 0.625) (end 1 -0.625) (layer B.Fab) (width 0.1))
    (fp_line (start -1 0.625) (end 1 0.625) (layer B.Fab) (width 0.1))
    (fp_line (start -1 -0.625) (end -1 0.625) (layer B.Fab) (width 0.1))
    (fp_text user %R (at 0 0) (layer B.Fab)
      (effects (font (size 0.5 0.5) (thickness 0.08)) (justify mirror))
    )
    (pad 1 smd roundrect (at -0.95 0) (size 1 1.45) (layers B.Cu B.Paste B.Mask) (roundrect_rratio 0.25)
      (net 34 VOUT))
    (pad 2 smd roundrect (at 0.95 0) (size 1 1.45) (layers B.Cu B.Paste B.Mask) (roundrect_rratio 0.25)
      (net 69 GND))
    (model ${KISYS3DMOD}/Capacitor_SMD.3dshapes/C_0805_2012Metric.wrl
      (at (xyz 0 0 0))
      (scale (xyz 1 1 1))
      (rotate (xyz 0 0 0))
    )
  )

  (module Capacitor_SMD:C_0805_2012Metric (layer B.Cu) (tedit 5F68FEEE) (tstamp 621D7542)
    (at 150.368 61.468)
    (descr "Capacitor SMD 0805 (2012 Metric), square (rectangular) end terminal, IPC_7351 nominal, (Body size source: IPC-SM-782 page 76, https://www.pcb-3d.com/wordpress/wp-content/uploads/ipc-sm-782a_amendment_1_and_2.pdf, https://docs.google.com/spreadsheets/d/1BsfQQcO9C6DZCsRaXUlFlo91Tg2WpOkGARC1WS5S8t0/edit?usp=sharing), generated with kicad-footprint-generator")
    (tags capacitor)
    (path /621D55FD)
    (attr smd)
    (fp_text reference C5 (at -2.794 0) (layer B.SilkS)
      (effects (font (size 1 1) (thickness 0.15)) (justify mirror))
    )
    (fp_text value 100nF (at 0 -1.68) (layer B.Fab)
      (effects (font (size 1 1) (thickness 0.15)) (justify mirror))
    )
    (fp_line (start 1.7 -0.98) (end -1.7 -0.98) (layer B.CrtYd) (width 0.05))
    (fp_line (start 1.7 0.98) (end 1.7 -0.98) (layer B.CrtYd) (width 0.05))
    (fp_line (start -1.7 0.98) (end 1.7 0.98) (layer B.CrtYd) (width 0.05))
    (fp_line (start -1.7 -0.98) (end -1.7 0.98) (layer B.CrtYd) (width 0.05))
    (fp_line (start -0.261252 -0.735) (end 0.261252 -0.735) (layer B.SilkS) (width 0.12))
    (fp_line (start -0.261252 0.735) (end 0.261252 0.735) (layer B.SilkS) (width 0.12))
    (fp_line (start 1 -0.625) (end -1 -0.625) (layer B.Fab) (width 0.1))
    (fp_line (start 1 0.625) (end 1 -0.625) (layer B.Fab) (width 0.1))
    (fp_line (start -1 0.625) (end 1 0.625) (layer B.Fab) (width 0.1))
    (fp_line (start -1 -0.625) (end -1 0.625) (layer B.Fab) (width 0.1))
    (fp_text user %R (at 0 0) (layer B.Fab)
      (effects (font (size 0.5 0.5) (thickness 0.08)) (justify mirror))
    )
    (pad 1 smd roundrect (at -0.95 0) (size 1 1.45) (layers B.Cu B.Paste B.Mask) (roundrect_rratio 0.25)
      (net 34 VOUT))
    (pad 2 smd roundrect (at 0.95 0) (size 1 1.45) (layers B.Cu B.Paste B.Mask) (roundrect_rratio 0.25)
      (net 69 GND))
    (model ${KISYS3DMOD}/Capacitor_SMD.3dshapes/C_0805_2012Metric.wrl
      (at (xyz 0 0 0))
      (scale (xyz 1 1 1))
      (rotate (xyz 0 0 0))
    )
  )

  (module Capacitor_SMD:C_0805_2012Metric (layer F.Cu) (tedit 5F68FEEE) (tstamp 621D7553)
    (at 186.69 58.42)
    (descr "Capacitor SMD 0805 (2012 Metric), square (rectangular) end terminal, IPC_7351 nominal, (Body size source: IPC-SM-782 page 76, https://www.pcb-3d.com/wordpress/wp-content/uploads/ipc-sm-782a_amendment_1_and_2.pdf, https://docs.google.com/spreadsheets/d/1BsfQQcO9C6DZCsRaXUlFlo91Tg2WpOkGARC1WS5S8t0/edit?usp=sharing), generated with kicad-footprint-generator")
    (tags capacitor)
    (path /62199683)
    (attr smd)
    (fp_text reference C6 (at 0 -1.524) (layer F.SilkS)
      (effects (font (size 1 1) (thickness 0.15)))
    )
    (fp_text value 100nF (at 0 0) (layer F.Fab)
      (effects (font (size 1 1) (thickness 0.15)))
    )
    (fp_line (start 1.7 0.98) (end -1.7 0.98) (layer F.CrtYd) (width 0.05))
    (fp_line (start 1.7 -0.98) (end 1.7 0.98) (layer F.CrtYd) (width 0.05))
    (fp_line (start -1.7 -0.98) (end 1.7 -0.98) (layer F.CrtYd) (width 0.05))
    (fp_line (start -1.7 0.98) (end -1.7 -0.98) (layer F.CrtYd) (width 0.05))
    (fp_line (start -0.261252 0.735) (end 0.261252 0.735) (layer F.SilkS) (width 0.12))
    (fp_line (start -0.261252 -0.735) (end 0.261252 -0.735) (layer F.SilkS) (width 0.12))
    (fp_line (start 1 0.625) (end -1 0.625) (layer F.Fab) (width 0.1))
    (fp_line (start 1 -0.625) (end 1 0.625) (layer F.Fab) (width 0.1))
    (fp_line (start -1 -0.625) (end 1 -0.625) (layer F.Fab) (width 0.1))
    (fp_line (start -1 0.625) (end -1 -0.625) (layer F.Fab) (width 0.1))
    (fp_text user %R (at 0 0) (layer F.Fab)
      (effects (font (size 0.5 0.5) (thickness 0.08)))
    )
    (pad 1 smd roundrect (at -0.95 0) (size 1 1.45) (layers F.Cu F.Paste F.Mask) (roundrect_rratio 0.25)
      (net 69 GND))
    (pad 2 smd roundrect (at 0.95 0) (size 1 1.45) (layers F.Cu F.Paste F.Mask) (roundrect_rratio 0.25)
      (net 34 VOUT))
    (model ${KISYS3DMOD}/Capacitor_SMD.3dshapes/C_0805_2012Metric.wrl
      (at (xyz 0 0 0))
      (scale (xyz 1 1 1))
      (rotate (xyz 0 0 0))
    )
  )

  (module Capacitor_SMD:C_0805_2012Metric (layer F.Cu) (tedit 5F68FEEE) (tstamp 621D7564)
    (at 180.34 86.36 90)
    (descr "Capacitor SMD 0805 (2012 Metric), square (rectangular) end terminal, IPC_7351 nominal, (Body size source: IPC-SM-782 page 76, https://www.pcb-3d.com/wordpress/wp-content/uploads/ipc-sm-782a_amendment_1_and_2.pdf, https://docs.google.com/spreadsheets/d/1BsfQQcO9C6DZCsRaXUlFlo91Tg2WpOkGARC1WS5S8t0/edit?usp=sharing), generated with kicad-footprint-generator")
    (tags capacitor)
    (path /6219D99F)
    (attr smd)
    (fp_text reference C7 (at 0 2.032 90) (layer F.SilkS)
      (effects (font (size 1 1) (thickness 0.15)))
    )
    (fp_text value 100nF (at 0 0 90) (layer F.Fab)
      (effects (font (size 1 1) (thickness 0.15)))
    )
    (fp_line (start -1 0.625) (end -1 -0.625) (layer F.Fab) (width 0.1))
    (fp_line (start -1 -0.625) (end 1 -0.625) (layer F.Fab) (width 0.1))
    (fp_line (start 1 -0.625) (end 1 0.625) (layer F.Fab) (width 0.1))
    (fp_line (start 1 0.625) (end -1 0.625) (layer F.Fab) (width 0.1))
    (fp_line (start -0.261252 -0.735) (end 0.261252 -0.735) (layer F.SilkS) (width 0.12))
    (fp_line (start -0.261252 0.735) (end 0.261252 0.735) (layer F.SilkS) (width 0.12))
    (fp_line (start -1.7 0.98) (end -1.7 -0.98) (layer F.CrtYd) (width 0.05))
    (fp_line (start -1.7 -0.98) (end 1.7 -0.98) (layer F.CrtYd) (width 0.05))
    (fp_line (start 1.7 -0.98) (end 1.7 0.98) (layer F.CrtYd) (width 0.05))
    (fp_line (start 1.7 0.98) (end -1.7 0.98) (layer F.CrtYd) (width 0.05))
    (fp_text user %R (at 0 0 90) (layer F.Fab)
      (effects (font (size 0.5 0.5) (thickness 0.08)))
    )
    (pad 2 smd roundrect (at 0.95 0 90) (size 1 1.45) (layers F.Cu F.Paste F.Mask) (roundrect_rratio 0.25)
      (net 1 5V))
    (pad 1 smd roundrect (at -0.95 0 90) (size 1 1.45) (layers F.Cu F.Paste F.Mask) (roundrect_rratio 0.25)
      (net 69 GND))
    (model ${KISYS3DMOD}/Capacitor_SMD.3dshapes/C_0805_2012Metric.wrl
      (at (xyz 0 0 0))
      (scale (xyz 1 1 1))
      (rotate (xyz 0 0 0))
    )
  )

  (module Mouser:SOD2513X120N (layer F.Cu) (tedit 0) (tstamp 621D865E)
    (at 125.73 68.58 180)
    (descr SOD323)
    (tags "Schottky Diode")
    (path /622E9BBA)
    (attr smd)
    (fp_text reference D1 (at 0 1.778) (layer F.SilkS)
      (effects (font (size 1.27 1.27) (thickness 0.254)))
    )
    (fp_text value BAT760-7 (at 0 0) (layer F.SilkS) hide
      (effects (font (size 1.27 1.27) (thickness 0.254)))
    )
    (fp_line (start -0.85 0.65) (end 0.85 0.65) (layer F.SilkS) (width 0.2))
    (fp_line (start -1.7 -0.65) (end 0.85 -0.65) (layer F.SilkS) (width 0.2))
    (fp_line (start -0.85 -0.112) (end -0.312 -0.65) (layer F.Fab) (width 0.1))
    (fp_line (start -0.85 0.65) (end -0.85 -0.65) (layer F.Fab) (width 0.1))
    (fp_line (start 0.85 0.65) (end -0.85 0.65) (layer F.Fab) (width 0.1))
    (fp_line (start 0.85 -0.65) (end 0.85 0.65) (layer F.Fab) (width 0.1))
    (fp_line (start -0.85 -0.65) (end 0.85 -0.65) (layer F.Fab) (width 0.1))
    (fp_line (start -1.975 1.15) (end -1.975 -1.15) (layer F.CrtYd) (width 0.05))
    (fp_line (start 1.975 1.15) (end -1.975 1.15) (layer F.CrtYd) (width 0.05))
    (fp_line (start 1.975 -1.15) (end 1.975 1.15) (layer F.CrtYd) (width 0.05))
    (fp_line (start -1.975 -1.15) (end 1.975 -1.15) (layer F.CrtYd) (width 0.05))
    (fp_text user %R (at 0 0) (layer F.Fab)
      (effects (font (size 1.27 1.27) (thickness 0.254)))
    )
    (pad 1 smd rect (at -1.162 0 270) (size 0.5 1.075) (layers F.Cu F.Paste F.Mask)
      (net 1 5V))
    (pad 2 smd rect (at 1.162 0 270) (size 0.5 1.075) (layers F.Cu F.Paste F.Mask)
      (net 35 "Net-(D1-Pad2)"))
    (model C:\Users\andre\prog\MarioKart\schematics\Library\SamacSys_Parts.3dshapes\BAT760-7.stp
      (at (xyz 0 0 0))
      (scale (xyz 1 1 1))
      (rotate (xyz 0 0 0))
    )
  )

  (module Mouser:2169900003 (layer F.Cu) (tedit 0) (tstamp 621D760B)
    (at 107.442 66.04 270)
    (descr 216990-0003-1)
    (tags Connector)
    (path /622E8087)
    (fp_text reference J1 (at -8.636 -0.762 180) (layer F.SilkS)
      (effects (font (size 1.27 1.27) (thickness 0.254)))
    )
    (fp_text value 216990-0003 (at 0 -0.65 90) (layer F.SilkS) hide
      (effects (font (size 1.27 1.27) (thickness 0.254)))
    )
    (fp_line (start 4.47 3.25) (end 4.47 3) (layer F.SilkS) (width 0.2))
    (fp_line (start -4.47 3.25) (end 4.47 3.25) (layer F.SilkS) (width 0.2))
    (fp_line (start -4.47 3) (end -4.47 3.25) (layer F.SilkS) (width 0.2))
    (fp_line (start -3.2 -5.2) (end -3.2 -5.2) (layer F.SilkS) (width 0.2))
    (fp_line (start -3.2 -5.1) (end -3.2 -5.1) (layer F.SilkS) (width 0.2))
    (fp_line (start -3.2 -5.2) (end -3.2 -5.2) (layer F.SilkS) (width 0.2))
    (fp_line (start -8.045 4.25) (end -8.045 -5.55) (layer F.CrtYd) (width 0.1))
    (fp_line (start 8.045 4.25) (end -8.045 4.25) (layer F.CrtYd) (width 0.1))
    (fp_line (start 8.045 -5.55) (end 8.045 4.25) (layer F.CrtYd) (width 0.1))
    (fp_line (start -8.045 -5.55) (end 8.045 -5.55) (layer F.CrtYd) (width 0.1))
    (fp_line (start -4.47 -3.25) (end -4.47 3.25) (layer F.Fab) (width 0.1))
    (fp_line (start 4.47 -3.25) (end -4.47 -3.25) (layer F.Fab) (width 0.1))
    (fp_line (start 4.47 3.25) (end 4.47 -3.25) (layer F.Fab) (width 0.1))
    (fp_line (start -4.47 3.25) (end 4.47 3.25) (layer F.Fab) (width 0.1))
    (fp_text user %R (at 0 -0.65 90) (layer F.Fab)
      (effects (font (size 1.27 1.27) (thickness 0.254)))
    )
    (fp_arc (start -3.2 -5.15) (end -3.2 -5.2) (angle -180) (layer F.SilkS) (width 0.2))
    (fp_arc (start -3.2 -5.15) (end -3.2 -5.1) (angle -180) (layer F.SilkS) (width 0.2))
    (fp_arc (start -3.2 -5.15) (end -3.2 -5.2) (angle -180) (layer F.SilkS) (width 0.2))
    (pad A1 smd rect (at -3.2 -4 270) (size 0.6 1.1) (layers F.Cu F.Paste F.Mask)
      (net 69 GND))
    (pad A4 smd rect (at -2.4 -4 270) (size 0.6 1.1) (layers F.Cu F.Paste F.Mask)
      (net 43 "Net-(J1-PadA4)"))
    (pad A5 smd rect (at -1.25 -4 270) (size 0.3 1.1) (layers F.Cu F.Paste F.Mask)
      (net 44 "Net-(J1-PadA5)"))
    (pad A6 smd rect (at -0.25 -4 270) (size 0.3 1.1) (layers F.Cu F.Paste F.Mask)
      (net 45 "Net-(J1-PadA6)"))
    (pad A7 smd rect (at 0.25 -4 270) (size 0.3 1.1) (layers F.Cu F.Paste F.Mask)
      (net 46 "Net-(J1-PadA7)"))
    (pad A8 smd rect (at 1.25 -4 270) (size 0.3 1.1) (layers F.Cu F.Paste F.Mask)
      (net 47 "Net-(J1-PadA8)"))
    (pad A9 smd rect (at 2.4 -4 270) (size 0.6 1.1) (layers F.Cu F.Paste F.Mask)
      (net 43 "Net-(J1-PadA4)"))
    (pad A12 smd rect (at 3.2 -4 270) (size 0.6 1.1) (layers F.Cu F.Paste F.Mask)
      (net 69 GND))
    (pad B5 smd rect (at 1.75 -4 270) (size 0.3 1.1) (layers F.Cu F.Paste F.Mask)
      (net 48 "Net-(J1-PadB5)"))
    (pad B6 smd rect (at 0.75 -4 270) (size 0.3 1.1) (layers F.Cu F.Paste F.Mask)
      (net 49 "Net-(J1-PadB6)"))
    (pad B7 smd rect (at -0.75 -4 270) (size 0.3 1.1) (layers F.Cu F.Paste F.Mask)
      (net 50 "Net-(J1-PadB7)"))
    (pad B8 smd rect (at -1.75 -4 270) (size 0.3 1.1) (layers F.Cu F.Paste F.Mask)
      (net 51 "Net-(J1-PadB8)"))
    (pad MH1 thru_hole circle (at -5.62 -2.85 270) (size 2.28 2.28) (drill 1.52) (layers *.Cu *.Mask)
      (net 52 "Net-(J1-PadMH1)"))
    (pad MH2 thru_hole circle (at -5.62 1.15 270) (size 2.85 2.85) (drill 1.9) (layers *.Cu *.Mask)
      (net 53 "Net-(J1-PadMH2)"))
    (pad MH3 thru_hole circle (at 5.62 1.15 270) (size 2.85 2.85) (drill 1.9) (layers *.Cu *.Mask)
      (net 54 "Net-(J1-PadMH3)"))
    (pad MH4 thru_hole circle (at 5.62 -2.85 270) (size 2.28 2.28) (drill 1.52) (layers *.Cu *.Mask)
      (net 55 "Net-(J1-PadMH4)"))
  )

  (module Connector_PinSocket_1.00mm:PinSocket_1x06_P1.00mm_Vertical (layer F.Cu) (tedit 5A19A41C) (tstamp 621D7629)
    (at 152.4 97.79 90)
    (descr "Through hole straight socket strip, 1x06, 1.00mm pitch, single row (https://gct.co/files/drawings/bc065.pdf), script generated")
    (tags "Through hole socket strip THT 1x06 1.00mm single row")
    (path /621305FA)
    (fp_text reference J2 (at -0.29 -2.25 90) (layer F.SilkS)
      (effects (font (size 1 1) (thickness 0.15)))
    )
    (fp_text value Conn_01x06 (at -2.54 2.286 180) (layer F.Fab)
      (effects (font (size 1 1) (thickness 0.15)))
    )
    (fp_line (start -1.54 6.25) (end -1.54 -1.25) (layer F.CrtYd) (width 0.05))
    (fp_line (start 0.96 6.25) (end -1.54 6.25) (layer F.CrtYd) (width 0.05))
    (fp_line (start 0.96 -1.25) (end 0.96 6.25) (layer F.CrtYd) (width 0.05))
    (fp_line (start -1.54 -1.25) (end 0.96 -1.25) (layer F.CrtYd) (width 0.05))
    (fp_line (start 0 -0.81) (end 0.685 -0.81) (layer F.SilkS) (width 0.12))
    (fp_line (start 0.685 -0.81) (end 0.685 0) (layer F.SilkS) (width 0.12))
    (fp_line (start 0.52 5.445898) (end 0.52 5.81) (layer F.SilkS) (width 0.12))
    (fp_line (start 0.52 4.445898) (end 0.52 4.554102) (layer F.SilkS) (width 0.12))
    (fp_line (start 0.52 3.445898) (end 0.52 3.554102) (layer F.SilkS) (width 0.12))
    (fp_line (start 0.52 2.445898) (end 0.52 2.554102) (layer F.SilkS) (width 0.12))
    (fp_line (start 0.52 1.445898) (end 0.52 1.554102) (layer F.SilkS) (width 0.12))
    (fp_line (start -1.1 5.81) (end 0.52 5.81) (layer F.SilkS) (width 0.12))
    (fp_line (start -1.1 0.5) (end -1.1 5.81) (layer F.SilkS) (width 0.12))
    (fp_line (start -1.1 0.5) (end -0.685 0.5) (layer F.SilkS) (width 0.12))
    (fp_line (start -1.04 5.75) (end -1.04 -0.75) (layer F.Fab) (width 0.1))
    (fp_line (start 0.46 5.75) (end -1.04 5.75) (layer F.Fab) (width 0.1))
    (fp_line (start 0.46 -0.375) (end 0.46 5.75) (layer F.Fab) (width 0.1))
    (fp_line (start 0.085 -0.75) (end 0.46 -0.375) (layer F.Fab) (width 0.1))
    (fp_line (start -1.04 -0.75) (end 0.085 -0.75) (layer F.Fab) (width 0.1))
    (fp_text user %R (at -0.29 2.5) (layer F.Fab)
      (effects (font (size 0.9 0.9) (thickness 0.14)))
    )
    (pad 1 thru_hole rect (at 0 0 90) (size 0.85 0.85) (drill 0.5) (layers *.Cu *.Mask)
      (net 69 GND))
    (pad 2 thru_hole oval (at 0 1 90) (size 0.85 0.85) (drill 0.5) (layers *.Cu *.Mask)
      (net 20 CTS))
    (pad 3 thru_hole oval (at 0 2 90) (size 0.85 0.85) (drill 0.5) (layers *.Cu *.Mask)
      (net 34 VOUT))
    (pad 4 thru_hole oval (at 0 3 90) (size 0.85 0.85) (drill 0.5) (layers *.Cu *.Mask)
      (net 26 TX))
    (pad 5 thru_hole oval (at 0 4 90) (size 0.85 0.85) (drill 0.5) (layers *.Cu *.Mask)
      (net 25 RX))
    (pad 6 thru_hole oval (at 0 5 90) (size 0.85 0.85) (drill 0.5) (layers *.Cu *.Mask)
      (net 19 DTR))
    (model ${KISYS3DMOD}/Connector_PinSocket_1.00mm.3dshapes/PinSocket_1x06_P1.00mm_Vertical.wrl
      (at (xyz 0 0 0))
      (scale (xyz 1 1 1))
      (rotate (xyz 0 0 0))
    )
  )

  (module Connector_PinSocket_2.54mm:PinSocket_1x05_P2.54mm_Vertical (layer F.Cu) (tedit 5A19A420) (tstamp 621D7642)
    (at 121.92 59.69 90)
    (descr "Through hole straight socket strip, 1x05, 2.54mm pitch, single row (from Kicad 4.0.7), script generated")
    (tags "Through hole socket strip THT 1x05 2.54mm single row")
    (path /6226446B)
    (fp_text reference J3 (at 0 -2.77 90) (layer F.SilkS)
      (effects (font (size 1 1) (thickness 0.15)))
    )
    (fp_text value Conn_01x05 (at 0 12.93 90) (layer F.Fab)
      (effects (font (size 1 1) (thickness 0.15)))
    )
    (fp_line (start -1.8 11.9) (end -1.8 -1.8) (layer F.CrtYd) (width 0.05))
    (fp_line (start 1.75 11.9) (end -1.8 11.9) (layer F.CrtYd) (width 0.05))
    (fp_line (start 1.75 -1.8) (end 1.75 11.9) (layer F.CrtYd) (width 0.05))
    (fp_line (start -1.8 -1.8) (end 1.75 -1.8) (layer F.CrtYd) (width 0.05))
    (fp_line (start 0 -1.33) (end 1.33 -1.33) (layer F.SilkS) (width 0.12))
    (fp_line (start 1.33 -1.33) (end 1.33 0) (layer F.SilkS) (width 0.12))
    (fp_line (start 1.33 1.27) (end 1.33 11.49) (layer F.SilkS) (width 0.12))
    (fp_line (start -1.33 11.49) (end 1.33 11.49) (layer F.SilkS) (width 0.12))
    (fp_line (start -1.33 1.27) (end -1.33 11.49) (layer F.SilkS) (width 0.12))
    (fp_line (start -1.33 1.27) (end 1.33 1.27) (layer F.SilkS) (width 0.12))
    (fp_line (start -1.27 11.43) (end -1.27 -1.27) (layer F.Fab) (width 0.1))
    (fp_line (start 1.27 11.43) (end -1.27 11.43) (layer F.Fab) (width 0.1))
    (fp_line (start 1.27 -0.635) (end 1.27 11.43) (layer F.Fab) (width 0.1))
    (fp_line (start 0.635 -1.27) (end 1.27 -0.635) (layer F.Fab) (width 0.1))
    (fp_line (start -1.27 -1.27) (end 0.635 -1.27) (layer F.Fab) (width 0.1))
    (fp_text user %R (at 0 5.08) (layer F.Fab)
      (effects (font (size 1 1) (thickness 0.15)))
    )
    (pad 1 thru_hole rect (at 0 0 90) (size 1.7 1.7) (drill 1) (layers *.Cu *.Mask)
      (net 34 VOUT))
    (pad 2 thru_hole oval (at 0 2.54 90) (size 1.7 1.7) (drill 1) (layers *.Cu *.Mask)
      (net 69 GND))
    (pad 3 thru_hole oval (at 0 5.08 90) (size 1.7 1.7) (drill 1) (layers *.Cu *.Mask)
      (net 1 5V))
    (pad 4 thru_hole oval (at 0 7.62 90) (size 1.7 1.7) (drill 1) (layers *.Cu *.Mask)
      (net 56 SHDN))
    (pad 5 thru_hole oval (at 0 10.16 90) (size 1.7 1.7) (drill 1) (layers *.Cu *.Mask)
      (net 32 PG))
    (model ${KISYS3DMOD}/Connector_PinSocket_2.54mm.3dshapes/PinSocket_1x05_P2.54mm_Vertical.wrl
      (at (xyz 0 0 0))
      (scale (xyz 1 1 1))
      (rotate (xyz 0 0 0))
    )
  )

  (module Connector_Card:SD_Kyocera_145638109211859+ (layer F.Cu) (tedit 5DB0BE7C) (tstamp 621D7FFF)
    (at 114.3 92.71 270)
    (descr "SD Card Connector, Reverse Type, Outer Tail, Without Ejector (https://global.kyocera.com/prdct/electro/product/pdf/5638.pdf)")
    (tags "sd card smt")
    (path /6225C423)
    (attr smd)
    (fp_text reference J4 (at 0 -15.04 270) (layer F.SilkS)
      (effects (font (size 1 1) (thickness 0.15)))
    )
    (fp_text value SD_Card (at 0 -2.125 270) (layer F.Fab)
      (effects (font (size 1 1) (thickness 0.15)))
    )
    (fp_line (start 14.35 -13.75) (end 14.35 12.35) (layer F.CrtYd) (width 0.05))
    (fp_line (start -14.35 -13.75) (end 14.35 -13.75) (layer F.CrtYd) (width 0.05))
    (fp_line (start -14.35 12.35) (end -14.35 -13.75) (layer F.CrtYd) (width 0.05))
    (fp_line (start 14.35 12.35) (end -14.35 12.35) (layer F.CrtYd) (width 0.05))
    (fp_line (start 10.4 -11.7) (end 12.7 -11.7) (layer F.SilkS) (width 0.12))
    (fp_line (start 8.7 -11.7) (end 9.1 -11.7) (layer F.SilkS) (width 0.12))
    (fp_line (start 6.2 -11.7) (end 7.4 -11.7) (layer F.SilkS) (width 0.12))
    (fp_line (start 3.7 -11.7) (end 5 -11.7) (layer F.SilkS) (width 0.12))
    (fp_line (start 1.2 -11.7) (end 2.5 -11.7) (layer F.SilkS) (width 0.12))
    (fp_line (start -0.5 -11.7) (end 0 -11.7) (layer F.SilkS) (width 0.12))
    (fp_line (start -2.1 -11.7) (end -1.7 -11.7) (layer F.SilkS) (width 0.12))
    (fp_line (start -3.8 -11.7) (end -3.3 -11.7) (layer F.SilkS) (width 0.12))
    (fp_line (start -6.3 -11.7) (end -5 -11.7) (layer F.SilkS) (width 0.12))
    (fp_line (start -8.8 -11.7) (end -7.5 -11.7) (layer F.SilkS) (width 0.12))
    (fp_line (start -13 -11.7) (end -10 -11.7) (layer F.SilkS) (width 0.12))
    (fp_line (start 13.8 -11.7) (end 14 -11.7) (layer F.SilkS) (width 0.12))
    (fp_line (start -14 6.1) (end -13 5.4) (layer F.SilkS) (width 0.12))
    (fp_line (start -14 6.1) (end -14 7.4) (layer F.SilkS) (width 0.12))
    (fp_line (start -13 5.4) (end -13 -11.7) (layer F.SilkS) (width 0.12))
    (fp_line (start -8.5 3.2) (end -10.4 5.1) (layer F.SilkS) (width 0.12))
    (fp_line (start 8.5 3.2) (end 10.4 5.1) (layer F.SilkS) (width 0.12))
    (fp_line (start 8.5 3.2) (end -8.5 3.2) (layer F.SilkS) (width 0.12))
    (fp_line (start -13.3 12.1) (end -14 11.4) (layer F.SilkS) (width 0.12))
    (fp_line (start -14 10.1) (end -14 11.4) (layer F.SilkS) (width 0.12))
    (fp_line (start -10.4 11.4) (end -10.4 5.1) (layer F.SilkS) (width 0.12))
    (fp_line (start -10.4 11.4) (end -11.1 12.1) (layer F.SilkS) (width 0.12))
    (fp_line (start -13.3 12.1) (end -11.1 12.1) (layer F.SilkS) (width 0.12))
    (fp_line (start 13.3 12.1) (end 14 11.36) (layer F.SilkS) (width 0.12))
    (fp_line (start 14 -11.7) (end 14 8.5) (layer F.SilkS) (width 0.12))
    (fp_line (start 14 11.28) (end 14 11.36) (layer F.SilkS) (width 0.12))
    (fp_line (start 10.4 11.4) (end 10.4 5.1) (layer F.SilkS) (width 0.12))
    (fp_line (start 10.4 11.4) (end 11.1 12.1) (layer F.SilkS) (width 0.12))
    (fp_line (start 13.26 12.1) (end 11.1 12.1) (layer F.SilkS) (width 0.12))
    (fp_line (start 8.6 3) (end 10.6 5) (layer F.Fab) (width 0.1))
    (fp_line (start -10.6 5) (end -8.6 3) (layer F.Fab) (width 0.1))
    (fp_line (start -13.8 11.3) (end -13.2 11.9) (layer F.Fab) (width 0.1))
    (fp_line (start -11.2 11.9) (end -10.6 11.3) (layer F.Fab) (width 0.1))
    (fp_line (start 10.6 11.3) (end 11.2 11.9) (layer F.Fab) (width 0.1))
    (fp_line (start 13.2 11.9) (end 13.8 11.3) (layer F.Fab) (width 0.1))
    (fp_line (start -12 22.5) (end -12 11.9) (layer Dwgs.User) (width 0.1))
    (fp_line (start 11 23.5) (end -11 23.5) (layer Dwgs.User) (width 0.1))
    (fp_line (start 12 11.9) (end 12 22.5) (layer Dwgs.User) (width 0.1))
    (fp_line (start -12.8 -11.5) (end 13.8 -11.5) (layer F.Fab) (width 0.1))
    (fp_line (start -12.8 5.5) (end -12.8 -11.5) (layer F.Fab) (width 0.1))
    (fp_line (start -13.8 6.2) (end -12.8 5.5) (layer F.Fab) (width 0.1))
    (fp_line (start -13.8 11.3) (end -13.8 6.2) (layer F.Fab) (width 0.1))
    (fp_line (start -11.2 11.9) (end -13.2 11.9) (layer F.Fab) (width 0.1))
    (fp_line (start -10.6 5) (end -10.6 11.3) (layer F.Fab) (width 0.1))
    (fp_line (start 8.6 3) (end -8.6 3) (layer F.Fab) (width 0.1))
    (fp_line (start 10.6 11.3) (end 10.6 5) (layer F.Fab) (width 0.1))
    (fp_line (start 13.2 11.9) (end 11.2 11.9) (layer F.Fab) (width 0.1))
    (fp_line (start 13.8 -11.5) (end 13.8 11.3) (layer F.Fab) (width 0.1))
    (fp_text user %R (at 0 -0.22 270) (layer F.Fab)
      (effects (font (size 1 1) (thickness 0.15)))
    )
    (fp_arc (start 11 22.5) (end 11 23.5) (angle -90) (layer Dwgs.User) (width 0.1))
    (fp_arc (start -11 22.5) (end -11 23.5) (angle 90) (layer Dwgs.User) (width 0.1))
    (pad 9 smd roundrect (at -9.38 -12.5 270) (size 0.8 2) (layers F.Cu F.Paste F.Mask) (roundrect_rratio 0.313)
      (net 57 "Net-(J4-Pad9)"))
    (pad 1 smd roundrect (at -6.88 -12.5 270) (size 0.8 2) (layers F.Cu F.Paste F.Mask) (roundrect_rratio 0.313)
      (net 58 "Net-(J4-Pad1)"))
    (pad 2 smd roundrect (at -4.38 -12.5 270) (size 0.8 2) (layers F.Cu F.Paste F.Mask) (roundrect_rratio 0.313)
      (net 36 SDMOSI))
    (pad 10 smd roundrect (at -2.68 -12.5 270) (size 0.8 2) (layers F.Cu F.Paste F.Mask) (roundrect_rratio 0.313)
      (net 59 "Net-(J4-Pad10)"))
    (pad 3 smd roundrect (at -1.08 -12.5 270) (size 0.8 2) (layers F.Cu F.Paste F.Mask) (roundrect_rratio 0.313)
      (net 69 GND))
    (pad 4 smd roundrect (at 0.62 -12.5 270) (size 0.8 2) (layers F.Cu F.Paste F.Mask) (roundrect_rratio 0.313)
      (net 34 VOUT))
